10.000000 9.634713
10.100000 9.725105
10.200000 9.815451
10.300000 9.905762
10.400000 9.995288
10.500000 10.084783
10.600000 10.175099
10.700000 10.264215
10.800000 10.353347
10.900000 10.441311
11.000000 10.530730
11.100000 10.620020
11.200000 10.710313
11.300000 10.800230
11.400000 10.890641
11.500000 10.979316
11.600000 11.067603
11.700000 11.155163
11.800000 11.243133
11.900000 11.331392
12.000000 11.419279
12.100000 11.508678
12.200000 11.597345
12.300000 11.684790
12.400000 11.771503
12.500000 11.855978
12.600000 11.939993
12.700000 12.025870
12.800000 12.108253
12.900000 12.188334
13.000000 12.268016
13.100000 12.346135
13.200000 12.423495
13.300000 12.500117
13.400000 12.576286
13.500000 12.652528
13.600000 12.729795
13.700000 12.805581
13.800000 12.881513
13.900000 12.957468
14.000000 13.033564
14.100000 13.109795
14.200000 13.187183
14.300000 13.263815
14.400000 13.339962
14.500000 13.417004
14.600000 13.493042
14.700000 13.568563
14.800000 13.645027
14.900000 13.721532
15.000000 13.795698
15.100000 13.871579
15.200000 13.948255
15.300000 14.023798
15.400000 14.100728
15.500000 14.177379
15.600000 14.255874
15.700000 14.335468
15.800000 14.414736
15.900000 14.495770
16.000000 14.576020
16.100000 14.656279
16.200000 14.737397
16.300000 14.816662
16.400000 14.895043
16.500000 14.973240
16.600000 15.051506
16.700000 15.129821
16.800000 15.207905
16.900000 15.285276
17.000000 15.363504
17.100000 15.441509
17.200000 15.521526
17.300000 15.600527
17.400000 15.676590
17.500000 15.753469
17.600000 15.830829
17.700000 15.906721
17.800000 15.983128
17.900000 16.059805
18.000000 16.136271
18.100000 16.213181
18.200000 16.290489
18.300000 16.366343
18.400000 16.443766
18.500000 16.521471
18.600000 16.600693
18.700000 16.680391
18.800000 16.758316
18.900000 16.834667
19.000000 16.910254
19.100000 16.986385
19.200000 17.064848
19.300000 17.143669
19.400000 17.221857
19.500000 17.301769
19.600000 17.382029
19.700000 17.461767
19.800000 17.541849
19.900000 17.621548
20.000000 17.700253
20.100000 17.778397
20.200000 17.855871
20.300000 17.932608
20.400000 18.007956
20.500000 18.084133
20.600000 18.160450
20.700000 18.237633
20.800000 18.314644
20.900000 18.392960
21.000000 18.470024
21.100000 18.547623
21.200000 18.624344
21.300000 18.700586
21.400000 18.776585
21.500000 18.852116
21.600000 18.926479
21.700000 19.000681
21.800000 19.075590
21.900000 19.151651
22.000000 19.228294
22.100000 19.303570
22.200000 19.377327
22.300000 19.449759
22.400000 19.522779
22.500000 19.596992
22.600000 19.671267
22.700000 19.745008
22.800000 19.819717
22.900000 19.895260
23.000000 19.970959
23.100000 20.047300
23.200000 20.123226
23.300000 20.198782
23.400000 20.274384
23.500000 20.348019
23.600000 20.421852
23.700000 20.497866
23.800000 20.572706
23.900000 20.648539
24.000000 20.722862
24.100000 20.796156
24.200000 20.870203
24.300000 20.943859
24.400000 21.018978
24.500000 21.096273
24.600000 21.174566
24.700000 21.251167
24.800000 21.327229
24.900000 21.403139
25.000000 21.480074
25.100000 21.557917
25.200000 21.636295
25.300000 21.712755
25.400000 21.789652
25.500000 21.867355
25.600000 21.945412
25.700000 22.025202
25.800000 22.106388
25.900000 22.186148
26.000000 22.265913
26.100000 22.347311
26.200000 22.428619
26.300000 22.510847
26.400000 22.594780
26.500000 22.679506
26.600000 22.764906
26.700000 22.849344
26.800000 22.931816
26.900000 23.013777
27.000000 23.094559
27.100000 23.176723
27.200000 23.257109
27.300000 23.335934
27.400000 23.414877
27.500000 23.493917
27.600000 23.574900
27.700000 23.656181
27.800000 23.737686
27.900000 23.817736
28.000000 23.897236
28.100000 23.977438
28.200000 24.056999
28.300000 24.134731
28.400000 24.211716
28.500000 24.288671
28.600000 24.366655
28.700000 24.444979
28.800000 24.523533
28.900000 24.603052
29.000000 24.681454
29.100000 24.761587
29.200000 24.839357
29.300000 24.916048
29.400000 24.991180
29.500000 25.065329
29.600000 25.139402
29.700000 25.214254
29.800000 25.288237
29.900000 25.361917
30.000000 25.436531
30.100000 25.510860
30.200000 25.588175
30.300000 25.666161
30.400000 25.743752
30.500000 25.822229
30.600000 25.901138
30.700000 25.980131
30.800000 26.057152
30.900000 26.134281
31.000000 26.212049
31.100000 26.286299
31.200000 26.361965
31.300000 26.436644
31.400000 26.511993
31.500000 26.587936
31.600000 26.663185
31.700000 26.740395
31.800000 26.816444
31.900000 26.892189
32.000000 26.967655
32.100000 27.043346
32.200000 27.118950
32.300000 27.195650
32.400000 27.271713
32.500000 27.348310
32.600000 27.423489
32.700000 27.497580
32.800000 27.569105
32.900000 27.641193
33.000000 27.713337
33.100000 27.783842
33.200000 27.856493
33.300000 27.928263
33.400000 28.000654
33.500000 28.073233
33.600000 28.145363
33.700000 28.219154
33.800000 28.291754
33.900000 28.366426
34.000000 28.441133
34.100000 28.515583
34.200000 28.588709
34.300000 28.661423
34.400000 28.734068
34.500000 28.805561
34.600000 28.878260
34.700000 28.949873
34.800000 29.020483
34.900000 29.092182
35.000000 29.164101
35.100000 29.236647
35.200000 29.307337
35.300000 29.378069
35.400000 29.447231
35.500000 29.516714
35.600000 29.585432
35.700000 29.654093
35.800000 29.723866
35.900000 29.795301
36.000000 29.867462
36.100000 29.939066
36.200000 30.011267
36.300000 30.084648
36.400000 30.158098
36.500000 30.232170
36.600000 30.307632
36.700000 30.384235
36.800000 30.460535
36.900000 30.535812
37.000000 30.611654
37.100000 30.686201
37.200000 30.761702
37.300000 30.836924
37.400000 30.913729
37.500000 30.990135
37.600000 31.065800
37.700000 31.141306
37.800000 31.216755
37.900000 31.291101
38.000000 31.366684
38.100000 31.440409
38.200000 31.515072
38.300000 31.587015
38.400000 31.658928
38.500000 31.730265
38.600000 31.800976
38.700000 31.871687
38.800000 31.941483
38.900000 32.010185
39.000000 32.076801
39.100000 32.143444
39.200000 32.211483
39.300000 32.278564
39.400000 32.348324
39.500000 32.419342
39.600000 32.490440
39.700000 32.561665
39.800000 32.633465
39.900000 32.704533
40.000000 32.777637
40.100000 32.848858
40.200000 32.919071
40.300000 32.988773
40.400000 33.058617
40.500000 33.126396
40.600000 33.195732
40.700000 33.264851
40.800000 33.335072
40.900000 33.405224
41.000000 33.476486
41.100000 33.547760
41.200000 33.620548
41.300000 33.691658
41.400000 33.762150
41.500000 33.832039
41.600000 33.901184
41.700000 33.970539
41.800000 34.039875
41.900000 34.109901
42.000000 34.179596
42.100000 34.249592
42.200000 34.320110
42.300000 34.389656
42.400000 34.461155
42.500000 34.534885
42.600000 34.608021
42.700000 34.681419
42.800000 34.754250
42.900000 34.826534
43.000000 34.898563
43.100000 34.968910
43.200000 35.037727
43.300000 35.105804
43.400000 35.172947
43.500000 35.240280
43.600000 35.308495
43.700000 35.374985
43.800000 35.441341
43.900000 35.507393
44.000000 35.574490
44.100000 35.641460
44.200000 35.710384
44.300000 35.779213
44.400000 35.848400
44.500000 35.918900
44.600000 35.990414
44.700000 36.061073
44.800000 36.129784
44.900000 36.198853
45.000000 36.267555
45.100000 36.335762
45.200000 36.404278
45.300000 36.473431
45.400000 36.542149
45.500000 36.611916
45.600000 36.682285
45.700000 36.751865
45.800000 36.820206
45.900000 36.888016
46.000000 36.956684
46.100000 37.026325
46.200000 37.096310
46.300000 37.165684
46.400000 37.233433
46.500000 37.299374
46.600000 37.365101
46.700000 37.427589
46.800000 37.491257
46.900000 37.551666
47.000000 37.612930
47.100000 37.674469
47.200000 37.735725
47.300000 37.797798
47.400000 37.860073
47.500000 37.922871
47.600000 37.987148
47.700000 38.050880
47.800000 38.114796
47.900000 38.177723
48.000000 38.241131
48.100000 38.305649
48.200000 38.370903
48.300000 38.436714
48.400000 38.500988
48.500000 38.564922
48.600000 38.630421
48.700000 38.697155
48.800000 38.764198
48.900000 38.830120
49.000000 38.896534
49.100000 38.961731
49.200000 39.024521
49.300000 39.086159
49.400000 39.147919
49.500000 39.209110
49.600000 39.271477
49.700000 39.334244
49.800000 39.395641
49.900000 39.456131
50.000000 39.517544
50.100000 39.581383
50.200000 39.643925
50.300000 39.707058
50.400000 39.772308
50.500000 39.837635
50.600000 39.904667
50.700000 39.972076
50.800000 40.040882
50.900000 40.111393
51.000000 40.181381
51.100000 40.251942
51.200000 40.320831
51.300000 40.391701
51.400000 40.462868
51.500000 40.532795
51.600000 40.601894
51.700000 40.671776
51.800000 40.742706
51.900000 40.813259
52.000000 40.885841
52.100000 40.956284
52.200000 41.027615
52.300000 41.096710
52.400000 41.164822
52.500000 41.234440
52.600000 41.306461
52.700000 41.378708
52.800000 41.451019
52.900000 41.521862
53.000000 41.593342
53.100000 41.665878
53.200000 41.738781
53.300000 41.813786
53.400000 41.890236
53.500000 41.966034
53.600000 42.041374
53.700000 42.115520
53.800000 42.191467
53.900000 42.266922
54.000000 42.341431
54.100000 42.417370
54.200000 42.493519
54.300000 42.569710
54.400000 42.644894
54.500000 42.719627
54.600000 42.793991
54.700000 42.869698
54.800000 42.944336
54.900000 43.019016
55.000000 43.093155
55.100000 43.167206
55.200000 43.239529
55.300000 43.311661
55.400000 43.383339
55.500000 43.452957
55.600000 43.523415
55.700000 43.596027
55.800000 43.666523
55.900000 43.740356
56.000000 43.814129
56.100000 43.888416
56.200000 43.961472
56.300000 44.034927
56.400000 44.109264
56.500000 44.185936
56.600000 44.263840
56.700000 44.339817
56.800000 44.414215
56.900000 44.487827
57.000000 44.561577
57.100000 44.634655
57.200000 44.707439
57.300000 44.778622
57.400000 44.850140
57.500000 44.922764
57.600000 44.995556
57.700000 45.067783
57.800000 45.139969
57.900000 45.212948
58.000000 45.285866
58.100000 45.359451
58.200000 45.433010
58.300000 45.507114
58.400000 45.580273
58.500000 45.653915
58.600000 45.727871
58.700000 45.800655
58.800000 45.873718
58.900000 45.946796
59.000000 46.018246
59.100000 46.089451
59.200000 46.160938
59.300000 46.232658
59.400000 46.305706
59.500000 46.378422
59.600000 46.451843
59.700000 46.525093
59.800000 46.600010
59.900000 46.675121
60.000000 46.750137
60.100000 46.826077
60.200000 46.901245
60.300000 46.975895
60.400000 47.049309
60.500000 47.122795
60.600000 47.196571
60.700000 47.271435
60.800000 47.347256
60.900000 47.423214
61.000000 47.501400
61.100000 47.579205
61.200000 47.657333
61.300000 47.736710
61.400000 47.815411
61.500000 47.895214
61.600000 47.974453
61.700000 48.053825
61.800000 48.134472
61.900000 48.216839
62.000000 48.299271
62.100000 48.382687
62.200000 48.466320
62.300000 48.548782
62.400000 48.632214
62.500000 48.715336
62.600000 48.796944
62.700000 48.878929
62.800000 48.961060
62.900000 49.042488
63.000000 49.122875
63.100000 49.202938
63.200000 49.280983
63.300000 49.358963
63.400000 49.436924
63.500000 49.513344
63.600000 49.589771
63.700000 49.665203
63.800000 49.742428
63.900000 49.820339
64.000000 49.899082
64.100000 49.978218
64.200000 50.058659
64.300000 50.136410
64.400000 50.214359
64.500000 50.293171
64.600000 50.371685
64.700000 50.450294
64.800000 50.529720
64.900000 50.607189
65.000000 50.686523
65.100000 50.766346
65.200000 50.847816
65.300000 50.928524
65.400000 51.009335
65.500000 51.091297
65.600000 51.172462
65.700000 51.255157
65.800000 51.337246
65.900000 51.421505
66.000000 51.505291
66.100000 51.588821
66.200000 51.672691
66.300000 51.756851
66.400000 51.840893
66.500000 51.923248
66.600000 52.004944
66.700000 52.085026
66.800000 52.164845
66.900000 52.243172
67.000000 52.321819
67.100000 52.401043
67.200000 52.479359
67.300000 52.556194
67.400000 52.632637
67.500000 52.708611
67.600000 52.784893
67.700000 52.860851
67.800000 52.937794
67.900000 53.016727
68.000000 53.093555
68.100000 53.170200
68.200000 53.245522
68.300000 53.323166
68.400000 53.400368
68.500000 53.476307
68.600000 53.553192
68.700000 53.628628
68.800000 53.706451
68.900000 53.785809
69.000000 53.865356
69.100000 53.943752
69.200000 54.021469
69.300000 54.098991
69.400000 54.177429
69.500000 54.254864
69.600000 54.333611
69.700000 54.412491
69.800000 54.489658
69.900000 54.569145
70.000000 54.648716
70.100000 54.728558
70.200000 54.807438
70.300000 54.886692
70.400000 54.965832
70.500000 55.046478
70.600000 55.125008
70.700000 55.203606
70.800000 55.282104
70.900000 55.360931
71.000000 55.440006
71.100000 55.522861
71.200000 55.604336
71.300000 55.686535
71.400000 55.766781
71.500000 55.847389
71.600000 55.926899
71.700000 56.005989
71.800000 56.084518
71.900000 56.162918
72.000000 56.239796
72.100000 56.317959
72.200000 56.394070
72.300000 56.471100
72.400000 56.546539
72.500000 56.623657
72.600000 56.699966
72.700000 56.776356
72.800000 56.853851
72.900000 56.929886
73.000000 57.007168
73.100000 57.084606
73.200000 57.162151
73.300000 57.240910
73.400000 57.320290
73.500000 57.400921
73.600000 57.483524
73.700000 57.566509
73.800000 57.648758
73.900000 57.730473
74.000000 57.809731
74.100000 57.889214
74.200000 57.967140
74.300000 58.046356
74.400000 58.125187
74.500000 58.204300
74.600000 58.282051
74.700000 58.356880
74.800000 58.432327
74.900000 58.506809
75.000000 58.582951
75.100000 58.659416
75.200000 58.735252
75.300000 58.811916
75.400000 58.888912
75.500000 58.966534
75.600000 59.045712
75.700000 59.123871
75.800000 59.202789
75.900000 59.280716
76.000000 59.359505
76.100000 59.437923
76.200000 59.515755
76.300000 59.592026
76.400000 59.666897
76.500000 59.742691
76.600000 59.817650
76.700000 59.893814
76.800000 59.968815
76.900000 60.044781
77.000000 60.120838
77.100000 60.197906
77.200000 60.273869
77.300000 60.351200
77.400000 60.428719
77.500000 60.504993
77.600000 60.580696
77.700000 60.657570
77.800000 60.732002
77.900000 60.807648
78.000000 60.882641
78.100000 60.959217
78.200000 61.033546
78.300000 61.108559
78.400000 61.183613
78.500000 61.259850
78.600000 61.334888
78.700000 61.409565
78.800000 61.483337
78.900000 61.556137
79.000000 61.629379
79.100000 61.701790
79.200000 61.773731
79.300000 61.846710
79.400000 61.918884
79.500000 61.991619
79.600000 62.064365
79.700000 62.139130
79.800000 62.213566
79.900000 62.291077
80.000000 62.367538
80.100000 62.445332
80.200000 62.523342
80.300000 62.599892
80.400000 62.678902
80.500000 62.756989
80.600000 62.833981
80.700000 62.911312
80.800000 62.988464
80.900000 63.066071
81.000000 63.145355
81.100000 63.223392
81.200000 63.302441
81.300000 63.380718
81.400000 63.460526
81.500000 63.539131
81.600000 63.615429
81.700000 63.690189
81.800000 63.766102
81.900000 63.843010
82.000000 63.918541
82.100000 63.995869
82.200000 64.075661
82.300000 64.158241
82.400000 64.239487
82.500000 64.319016
82.600000 64.396820
82.700000 64.474411
82.800000 64.550888
82.900000 64.627594
83.000000 64.703804
83.100000 64.781082
83.200000 64.858963
83.300000 64.935333
83.400000 65.012169
83.500000 65.088669
83.600000 65.164612
83.700000 65.242844
83.800000 65.321045
83.900000 65.402184
84.000000 65.482773
84.100000 65.563759
84.200000 65.642830
84.300000 65.721481
84.400000 65.799408
84.500000 65.876778
84.600000 65.954552
84.700000 66.033417
84.800000 66.113655
84.900000 66.195755
85.000000 66.276276
85.100000 66.357071
85.200000 66.437523
85.300000 66.517685
85.400000 66.598473
85.500000 66.679329
85.600000 66.760338
85.700000 66.839600
85.800000 66.922157
85.900000 67.002182
86.000000 67.081772
86.100000 67.163437
86.200000 67.241814
86.300000 67.322861
86.400000 67.402946
86.500000 67.482773
86.600000 67.562836
86.700000 67.643578
86.800000 67.724373
86.900000 67.805992
87.000000 67.886452
87.100000 67.965790
87.200000 68.045952
87.300000 68.127327
87.400000 68.209404
87.500000 68.291275
87.600000 68.374565
87.700000 68.457092
87.800000 68.541267
87.900000 68.626343
88.000000 68.710289
88.100000 68.791130
88.200000 68.871033
88.300000 68.951195
88.400000 69.033081
88.500000 69.114807
88.600000 69.195107
88.700000 69.275597
88.800000 69.355072
88.900000 69.436241
89.000000 69.516014
89.100000 69.596352
89.200000 69.676445
89.300000 69.754875
89.400000 69.835327
89.500000 69.917259
89.600000 69.999191
89.700000 70.081116
89.800000 70.162514
89.900000 70.244598
90.000000 70.328995
90.100000 70.412598
90.200000 70.497192
90.300000 70.582703
90.400000 70.668053
90.500000 70.753723
90.600000 70.837784
90.700000 70.921097
90.800000 71.001480
90.900000 71.083740
91.000000 71.164734
91.100000 71.246521
91.200000 71.328583
91.300000 71.409134
91.400000 71.492859
91.500000 71.573906
91.600000 71.652382
91.700000 71.731163
91.800000 71.810585
91.900000 71.890862
92.000000 71.970337
92.100000 72.048386
92.200000 72.127342
92.300000 72.204788
92.400000 72.282913
92.500000 72.359795
92.600000 72.435493
92.700000 72.512077
92.800000 72.588470
92.900000 72.664154
93.000000 72.740654
93.100000 72.816154
93.200000 72.891853
93.300000 72.967239
93.400000 73.041672
93.500000 73.117882
93.600000 73.193306
93.700000 73.269119
93.800000 73.344704
93.900000 73.422775
94.000000 73.499802
94.100000 73.574783
94.200000 73.651108
94.300000 73.725777
94.400000 73.799919
94.500000 73.874321
94.600000 73.949776
94.700000 74.026756
94.800000 74.102196
94.900000 74.178490
95.000000 74.255157
95.100000 74.333702
95.200000 74.411499
95.300000 74.490028
95.400000 74.569572
95.500000 74.649681
95.600000 74.730438
95.700000 74.811836
95.800000 74.893188
95.900000 74.974823
96.000000 75.057915
96.100000 75.141335
96.200000 75.224922
96.300000 75.308487
96.400000 75.392639
96.500000 75.475700
96.600000 75.559654
96.700000 75.642166
96.800000 75.725121
96.900000 75.808746
97.000000 75.892357
97.100000 75.975189
97.200000 76.055283
97.300000 76.135826
97.400000 76.214088
97.500000 76.292084
97.600000 76.371300
97.700000 76.450722
97.800000 76.531235
97.900000 76.612328
98.000000 76.692635
98.100000 76.773804
98.200000 76.852760
98.300000 76.932106
98.400000 77.011917
98.500000 77.092834
98.600000 77.171158
98.700000 77.248756
98.800000 77.325851
98.900000 77.404243
99.000000 77.484581
99.100000 77.562263
99.200000 77.640694
99.300000 77.716621
99.400000 77.792007
99.500000 77.866730
99.600000 77.940697
99.700000 78.013245
99.800000 78.086021
99.900000 78.159691
100.000000 78.231880
